3 0.727897 0.535098 0.128755 0.213639
3 0.373391 0.486266 0.073820 0.134287
3 0.310730 0.467191 0.094421 0.163281
3 0.726609 0.528994 0.136481 0.247210
0 0.703433 0.947616 0.119313 0.104768
0 0.443777 0.500000 0.032618 0.051884
0 0.374678 0.676252 0.062661 0.096137
0 0.239485 0.738817 0.090987 0.117501
0 0.060944 0.812828 0.121888 0.189223
0 0.557761 0.407030 0.018240 0.028612
0 0.586910 0.409573 0.020029 0.033699
0 0.457618 0.427694 0.025393 0.026705
0 0.436338 0.407984 0.019313 0.022890
0 0.415236 0.432781 0.023605 0.038150
0 0.569564 0.381915 0.016810 0.016532
4 0.436338 0.435324 0.010014 0.034335
4 0.436338 0.438821 0.012160 0.040057