0 0.647210 0.824273 0.109871 0.181593
0 0.366094 0.711350 0.081545 0.105293
0 0.211159 0.795279 0.108155 0.160229
0 0.033906 0.871578 0.067811 0.169385
0 0.435776 0.508022 0.037094 0.048505
0 0.555028 0.401747 0.018700 0.022345
0 0.455549 0.431995 0.022072 0.030520
0 0.412630 0.439258 0.028204 0.026892
0 0.434243 0.410467 0.019313 0.024525
4 0.433630 0.441260 0.016248 0.041420
4 0.433476 0.446437 0.014715 0.043055
3 0.704476 0.508652 0.114040 0.185299
3 0.710300 0.511922 0.124464 0.185299
3 0.302269 0.480857 0.100552 0.190749
3 0.293685 0.483582 0.101778 0.191839
3 0.362661 0.506472 0.060699 0.176579
3 0.362968 0.488487 0.078479 0.140609