3 0.681545 0.491607 0.099571 0.169385
3 0.675966 0.489318 0.112446 0.161755
3 0.287983 0.488555 0.110730 0.184645
3 0.359657 0.498474 0.082403 0.143443
3 0.354077 0.508393 0.074678 0.196853
0 0.615451 0.701431 0.090987 0.131235
0 0.900858 0.940749 0.153648 0.118502
0 0.345494 0.754077 0.074678 0.144969
0 0.176395 0.850215 0.122747 0.160229
0 0.577599 0.399788 0.014952 0.021167
0 0.552540 0.396342 0.014675 0.022151
0 0.452859 0.434984 0.021321 0.034458
0 0.435138 0.520636 0.030181 0.047256
0 0.407864 0.442368 0.026028 0.042334
0 0.431400 0.411110 0.018829 0.030028
4 0.429614 0.449483 0.015165 0.042728
4 0.430329 0.447449 0.021173 0.036624
4 0.429614 0.451009 0.022604 0.040693