3 0.657082 0.461087 0.081545 0.135813
3 0.657725 0.456390 0.075966 0.144206
3 0.653648 0.455627 0.075536 0.142680
3 0.264807 0.512208 0.115880 0.213639
3 0.338627 0.531283 0.093562 0.187697
0 0.735193 0.715928 0.091845 0.160229
0 0.573391 0.576299 0.044635 0.085455
0 0.427039 0.549595 0.038627 0.059514
0 0.306438 0.870052 0.111588 0.178541
0 0.451198 0.448521 0.024090 0.032981
0 0.400803 0.453197 0.025197 0.040365
0 0.427246 0.418986 0.018275 0.026089
0 0.473626 0.394373 0.014122 0.020182
0 0.548802 0.388220 0.014398 0.018706
0 0.573861 0.391912 0.014122 0.024120
0 0.092275 0.938460 0.150215 0.123080
3 0.464407 0.362373 0.020719 0.039991
4 0.423857 0.459195 0.014799 0.041044
4 0.425929 0.460247 0.018943 0.038939
4 0.422229 0.462352 0.018647 0.043149
0 0.451164 0.386887 0.013786 0.024046