2 0.264378 0.538150 0.144206 0.201431
2 0.260944 0.555699 0.156223 0.193801
2 0.254936 0.555699 0.163090 0.196853
2 0.354506 0.442775 0.070386 0.117501
0 0.579904 0.536411 0.039384 0.063284
0 0.578516 0.442158 0.026004 0.039047
0 0.541782 0.436099 0.020702 0.038599
0 0.532694 0.391217 0.014643 0.028725
0 0.453042 0.454052 0.024489 0.042189
0 0.431709 0.531922 0.035345 0.048921
0 0.403055 0.470658 0.032568 0.037701
0 0.431457 0.422859 0.023226 0.034559
0 0.393209 0.422186 0.020449 0.037701
0 0.353158 0.545167 0.055181 0.068670
3 0.581259 0.384375 0.032904 0.061040
1 0.204058 0.838124 0.147483 0.226124
1 0.199766 0.840898 0.154506 0.209477