5 0.055794 0.796042 0.090987 0.140391
5 0.053219 0.783834 0.068670 0.161755
5 0.054936 0.809013 0.066953 0.160229
3 0.921888 0.767048 0.156223 0.427277
0 0.387124 0.692275 0.058369 0.106819
0 0.416738 0.543491 0.040343 0.068670
0 0.336910 0.575536 0.060944 0.071722
0 0.255365 0.586218 0.059227 0.077825
0 0.259227 0.725846 0.094421 0.122079
0 0.583691 0.452694 0.030901 0.070196
0 0.618455 0.447353 0.021459 0.059514
0 0.454640 0.450249 0.024271 0.032625
0 0.467071 0.406311 0.014799 0.023679
0 0.580139 0.399997 0.014799 0.018417
0 0.430664 0.415257 0.016575 0.029994
3 0.356223 0.425254 0.058310 0.116291
3 0.398846 0.434989 0.055942 0.101031
4 0.450052 0.412889 0.010952 0.031572