4 0.612876 0.445064 0.022318 0.042728
0 0.775536 0.648021 0.083262 0.122079
0 0.287124 0.956009 0.122747 0.087982
0 0.180258 0.852504 0.099571 0.164807
0 0.173820 0.854793 0.136481 0.209061
0 0.188412 0.660229 0.098712 0.112923
0 0.358798 0.541965 0.053219 0.090033
0 0.555365 0.510682 0.032618 0.061040
0 0.626609 0.533572 0.054936 0.067144
0 0.676824 0.528231 0.047210 0.090033
0 0.454936 0.445827 0.020601 0.032046
0 0.408584 0.466428 0.030901 0.048832
0 0.351073 0.472532 0.042918 0.070196
0 0.542918 0.438960 0.023176 0.045780