0 0.670815 0.814354 0.107296 0.213639
0 0.671245 0.822747 0.085837 0.209061
0 0.413734 0.615212 0.054936 0.099189
0 0.406867 0.619027 0.058369 0.094611
0 0.317167 0.614449 0.072961 0.103767
0 0.316738 0.616738 0.049785 0.077825
0 0.447210 0.495422 0.042918 0.061040
0 0.384120 0.502289 0.036910 0.062566
0 0.440343 0.503815 0.049785 0.050358
0 0.419742 0.435908 0.024034 0.033572
0 0.555365 0.464139 0.044635 0.062566
0 0.530043 0.406152 0.019742 0.032046
0 0.562661 0.413782 0.018026 0.032046
0 0.373391 0.447353 0.030901 0.047306
0 0.432618 0.403863 0.024034 0.042728
0 0.460944 0.419886 0.017167 0.032046
3 0.572961 0.377158 0.030043 0.059514
2 0.324464 0.457272 0.096137 0.161755
2 0.330043 0.468717 0.083262 0.132761
2 0.156652 0.638102 0.266953 0.239580
2 0.157940 0.652599 0.235193 0.332666
2 0.147639 0.668622 0.250644 0.337244
2 0.153219 0.651836 0.251502 0.352504