3 0.572103 0.377158 0.035193 0.059514
0 0.302575 0.644206 0.071245 0.099189
0 0.621459 0.705246 0.090987 0.160229
0 0.626180 0.700668 0.072961 0.135813
0 0.548069 0.448879 0.024893 0.050358
0 0.544635 0.448879 0.033476 0.056462
0 0.404292 0.644206 0.068670 0.111397
0 0.376824 0.509919 0.034335 0.053410
0 0.439056 0.496948 0.035193 0.057988
0 0.414592 0.442012 0.025751 0.042728
0 0.430901 0.407678 0.027468 0.053410
0 0.372961 0.451168 0.024893 0.064092
2 0.315880 0.487792 0.089270 0.146495
2 0.326180 0.477873 0.075536 0.160229
2 0.321030 0.474058 0.084120 0.152599
2 0.134764 0.688460 0.255794 0.373867
2 0.130043 0.677778 0.251502 0.389127
2 0.139485 0.718216 0.246352 0.347926
2 0.151073 0.733476 0.240343 0.430329