3 0.644492 0.449730 0.070100 0.127166
3 0.644464 0.445990 0.064549 0.131845
3 0.333906 0.547926 0.092361 0.186781
3 0.250578 0.530171 0.155167 0.244158
3 0.326180 0.548953 0.110928 0.220682
3 0.250578 0.523128 0.148564 0.272330
0 0.288412 0.927778 0.118455 0.144444
0 0.269957 0.937697 0.124464 0.124606
0 0.740343 0.937697 0.141631 0.124606
0 0.561979 0.534685 0.041404 0.059244
0 0.690735 0.637016 0.064630 0.118489
0 0.424893 0.568347 0.036859 0.067323
0 0.421358 0.571489 0.039889 0.073607
0 0.447867 0.453449 0.026256 0.040394
0 0.396365 0.453000 0.033325 0.048473
0 0.424893 0.421583 0.024741 0.039496
0 0.474628 0.396898 0.015148 0.026032
4 0.420887 0.467032 0.015451 0.041202
4 0.419027 0.467541 0.019742 0.042219
4 0.421888 0.467795 0.020315 0.040693