5 0.178970 0.655651 0.047210 0.085455
5 0.172103 0.668622 0.038627 0.126657
5 0.178541 0.657177 0.030901 0.137339
5 0.174678 0.665570 0.066094 0.102241
0 0.611159 0.505341 0.044635 0.077825
0 0.644635 0.482451 0.037768 0.074773
0 0.427468 0.513734 0.037768 0.061040
0 0.414163 0.603004 0.050644 0.080877
0 0.310300 0.631998 0.072961 0.102241
0 0.367382 0.526705 0.041202 0.074773
0 0.297854 0.532809 0.049785 0.059514
0 0.589544 0.412819 0.020289 0.029826
0 0.570620 0.388889 0.013656 0.024971
0 0.524190 0.375016 0.015217 0.024971
0 0.459618 0.433628 0.017167 0.027052
0 0.470152 0.393397 0.016387 0.027052
0 0.436988 0.405883 0.019508 0.018728
3 0.370659 0.410738 0.056964 0.108900
3 0.413383 0.427732 0.044089 0.069363
3 0.411042 0.426692 0.047991 0.086704