3 0.372961 0.413019 0.052361 0.103767
3 0.412876 0.422938 0.054936 0.077825
3 0.412704 0.425236 0.040515 0.084235
3 0.374764 0.406619 0.043605 0.104378
5 0.203037 0.627600 0.048201 0.084516
5 0.201387 0.624665 0.040938 0.102124
5 0.194784 0.626426 0.044899 0.091559
0 0.627600 0.533106 0.046880 0.069256
0 0.627682 0.523387 0.038627 0.074392
0 0.657010 0.496682 0.031474 0.059132
0 0.432403 0.494774 0.032189 0.050230
0 0.422926 0.580611 0.046853 0.079479
0 0.375358 0.515757 0.038984 0.057860
0 0.460479 0.427058 0.021102 0.030520
0 0.592096 0.416249 0.023963 0.027976
0 0.311159 0.519838 0.040343 0.057988
0 0.309871 0.523653 0.056652 0.047306
0 0.328326 0.605293 0.067811 0.073247
0 0.318884 0.607582 0.072961 0.077825