1 0.137768 0.889628 0.196567 0.220744
1 0.138627 0.898784 0.181116 0.202432
1 0.137768 0.900572 0.213734 0.196853
0 0.569957 0.512208 0.042918 0.073247
0 0.579828 0.439723 0.031760 0.041202
0 0.540773 0.432093 0.029185 0.053410
0 0.532189 0.389366 0.013734 0.025942
0 0.430043 0.555699 0.046352 0.080877
0 0.348927 0.554936 0.042060 0.076299
0 0.396567 0.474058 0.029185 0.057988
0 0.452361 0.466428 0.025751 0.054936
0 0.427039 0.425990 0.019742 0.035098
0 0.393562 0.427515 0.021459 0.038150
3 0.581116 0.382499 0.036052 0.064092
2 0.243348 0.560277 0.167382 0.193801
2 0.353219 0.444301 0.069528 0.123605
2 0.356223 0.451168 0.061803 0.109871
2 0.236052 0.559514 0.173391 0.222794
2 0.250644 0.574773 0.151073 0.183119