4 0.098712 0.737291 0.065236 0.129709
4 0.103004 0.728898 0.056652 0.143443
4 0.097854 0.757129 0.056652 0.160229
0 0.398712 0.660229 0.055794 0.112923
0 0.426609 0.532046 0.048069 0.061040
0 0.351073 0.561040 0.044635 0.064092
0 0.269099 0.561040 0.055794 0.067144
0 0.278541 0.683882 0.083262 0.117501
0 0.592275 0.464902 0.030901 0.061040
0 0.624464 0.455746 0.033476 0.042728
0 0.581710 0.402425 0.021789 0.025824
0 0.456091 0.443803 0.018818 0.034628
0 0.431991 0.409174 0.018818 0.032281
0 0.467481 0.402718 0.015187 0.025238
4 0.450479 0.409174 0.010895 0.025238
3 0.404589 0.434705 0.059095 0.084516
3 0.361836 0.422967 0.058105 0.113862
3 0.961373 0.799094 0.077253 0.363186