0 0.604292 0.616738 0.053219 0.096137
0 0.548641 0.461946 0.023748 0.047306
0 0.590558 0.465761 0.027468 0.040693
0 0.535908 0.400906 0.017167 0.026959
0 0.457225 0.442616 0.021745 0.034080
0 0.438627 0.508997 0.028040 0.051884
0 0.373104 0.516881 0.029757 0.046288
0 0.371388 0.517899 0.033763 0.052392
0 0.409585 0.456096 0.025465 0.041710
0 0.433619 0.414640 0.018026 0.026959
0 0.467668 0.399889 0.011731 0.019838
0 0.443777 0.392004 0.017167 0.033572
0 0.401574 0.417438 0.015165 0.026450
0 0.044726 0.885777 0.089451 0.228446
1 0.283262 0.701278 0.103908 0.156615
1 0.278066 0.707301 0.102553 0.136536
3 0.586853 0.391399 0.033431 0.068268
3 0.585498 0.389993 0.035238 0.066260
2 0.372698 0.431046 0.053164 0.096482
2 0.290129 0.505341 0.118455 0.157177
2 0.294421 0.494659 0.109871 0.181593
2 0.289270 0.497711 0.118455 0.175489