1 0.246352 0.757892 0.118455 0.189223
1 0.242918 0.765522 0.128755 0.177015
1 0.242060 0.756366 0.125322 0.204483
2 0.275536 0.515260 0.128755 0.180067
2 0.271245 0.524416 0.140773 0.161755
2 0.365665 0.435145 0.058369 0.099189
2 0.361803 0.432856 0.067811 0.100715
3 0.584486 0.389216 0.033381 0.065561
3 0.582896 0.383846 0.031474 0.067257
0 0.585122 0.453081 0.023208 0.039563
0 0.544588 0.445451 0.025433 0.044649
0 0.589254 0.568661 0.046733 0.075169
0 0.398029 0.424257 0.013352 0.031650
0 0.432841 0.419735 0.019393 0.028259
0 0.455730 0.447994 0.018757 0.041823
0 0.435066 0.521751 0.030838 0.052562
0 0.365443 0.527120 0.036560 0.055388
0 0.408361 0.464385 0.034017 0.032781
0 0.534795 0.401475 0.018087 0.025070
0 0.532189 0.394935 0.017781 0.026160
0 0.466891 0.402837 0.013489 0.022345