0 0.590129 0.576299 0.055794 0.082403
0 0.542918 0.425990 0.026609 0.035098
0 0.427897 0.417597 0.030043 0.045780
0 0.408584 0.450405 0.032618 0.044254
0 0.433047 0.537387 0.038627 0.065618
0 0.382403 0.724320 0.076395 0.125131
0 0.361373 0.538150 0.042918 0.085455
0 0.360515 0.470243 0.034335 0.062566
0 0.258369 0.708298 0.078970 0.141917
0 0.454077 0.431330 0.032618 0.039676
0 0.534335 0.396233 0.018026 0.042728
3 0.568240 0.370291 0.029185 0.051884
2 0.290558 0.500763 0.114163 0.199905
2 0.108584 0.743395 0.217167 0.474583