3 0.365926 0.416102 0.054115 0.110800
3 0.406979 0.435342 0.051875 0.096204
5 0.147639 0.693801 0.061803 0.112923
5 0.148069 0.688460 0.042060 0.132761
5 0.139914 0.702957 0.053219 0.137339
5 0.142918 0.680830 0.047210 0.160229
0 0.410730 0.632761 0.057511 0.109871
0 0.603004 0.484740 0.036910 0.051884
0 0.633906 0.469480 0.028326 0.054936
0 0.427039 0.513734 0.042060 0.057988
0 0.359657 0.542728 0.049785 0.067144
0 0.290558 0.547306 0.057511 0.064092
0 0.300429 0.662518 0.072103 0.117501
0 0.297854 0.657940 0.084120 0.083929
0 0.458433 0.440930 0.019711 0.035606
0 0.587506 0.409280 0.020347 0.024303