3 0.755794 0.563329 0.160515 0.257892
3 0.756223 0.554173 0.156223 0.273152
3 0.317597 0.454983 0.087554 0.160229
3 0.377253 0.474821 0.081545 0.123605
3 0.378541 0.485503 0.072103 0.132761
0 0.378112 0.648784 0.060944 0.102241
0 0.269099 0.706009 0.083262 0.115975
0 0.109013 0.764759 0.121888 0.144969
0 0.444464 0.487496 0.031245 0.054936
0 0.560343 0.411502 0.021288 0.033572
0 0.589528 0.413333 0.019914 0.036013
0 0.458197 0.421879 0.018884 0.032351
0 0.417854 0.428593 0.019914 0.040897
0 0.436910 0.402041 0.018884 0.021974
0 0.568755 0.383729 0.016137 0.019533
4 0.437940 0.430730 0.010644 0.030520
4 0.437768 0.433171 0.013047 0.039065
0 0.299649 0.976980 0.106126 0.046040
0 0.101444 0.968657 0.110808 0.062686