2 0.374592 0.423710 0.053562 0.090949
2 0.374421 0.419437 0.051845 0.093391
2 0.307174 0.491700 0.096056 0.127892
2 0.306152 0.491337 0.088289 0.140246
3 0.589822 0.395054 0.036787 0.069760
3 0.590640 0.392511 0.033517 0.085019
1 0.307842 0.656392 0.085057 0.134565
1 0.302770 0.657780 0.093640 0.140114
1 0.300429 0.647375 0.090519 0.149824
0 0.628170 0.678588 0.071791 0.137339
0 0.075107 0.833429 0.133047 0.157177
0 0.440451 0.499543 0.031116 0.049595
0 0.553469 0.477289 0.031116 0.055953
0 0.598712 0.480786 0.032904 0.047687
0 0.535229 0.405440 0.020386 0.027976
0 0.458512 0.437232 0.025751 0.036878
0 0.414163 0.449313 0.029328 0.041965
0 0.404506 0.415931 0.019313 0.027341
0 0.436874 0.410527 0.023247 0.029248
0 0.378755 0.506855 0.037196 0.048959
0 0.378219 0.503994 0.036123 0.057225
0 0.625439 0.682750 0.083496 0.117917