0 0.803004 0.831140 0.129614 0.213639
0 0.591416 0.628183 0.061803 0.100715
0 0.134335 0.920911 0.153648 0.158178
0 0.329185 0.814354 0.095279 0.149547
0 0.431177 0.535544 0.036481 0.057770
0 0.452636 0.442350 0.026058 0.037060
0 0.406959 0.447800 0.029123 0.041420
0 0.427805 0.415645 0.019313 0.021800
0 0.551809 0.389757 0.012876 0.028885
0 0.575874 0.395480 0.014408 0.021800
4 0.427652 0.454885 0.016554 0.040330
4 0.425659 0.456792 0.019926 0.040875
3 0.666381 0.472707 0.090987 0.154634
3 0.273534 0.499158 0.129328 0.207535
3 0.354506 0.519504 0.093276 0.152599