5 0.106867 0.738054 0.062661 0.115975
5 0.106009 0.730424 0.050644 0.131235
5 0.098712 0.728898 0.063519 0.131235
3 0.962661 0.808250 0.074678 0.329614
3 0.360086 0.429041 0.057511 0.138865
3 0.407296 0.433619 0.055794 0.083929
0 0.277253 0.675489 0.063519 0.088507
0 0.589700 0.470243 0.027468 0.059514
0 0.625322 0.458035 0.031760 0.065618
0 0.401717 0.660992 0.063519 0.108345
0 0.277682 0.692275 0.088412 0.112923
0 0.346352 0.548069 0.045494 0.077825
0 0.423605 0.528231 0.036910 0.059514
0 0.265236 0.563329 0.061803 0.080877