2 0.130901 0.740343 0.261802 0.444063
2 0.306009 0.483214 0.100429 0.164807
0 0.431330 0.410730 0.036910 0.038150
0 0.539914 0.437434 0.037768 0.042728
0 0.595279 0.644206 0.083262 0.099189
0 0.601717 0.633524 0.066953 0.135813
0 0.396996 0.681593 0.062661 0.125131
0 0.279828 0.670148 0.087554 0.111397
0 0.434764 0.513734 0.052361 0.076299
0 0.372103 0.525179 0.042060 0.077825
0 0.366953 0.458798 0.040343 0.054936
0 0.412876 0.445064 0.032618 0.061040
0 0.460515 0.432856 0.042060 0.036624
0 0.528326 0.403100 0.021459 0.028994
0 0.561373 0.406152 0.022318 0.025942
3 0.566953 0.368765 0.036910 0.048832